-1.562377 53.807817
-1.562453 53.807703

-1.562453 53.807703
-1.562458 53.807655

-1.562458 53.807655
-1.562421 53.807589

-1.562421 53.807589
-1.562345 53.807522

-1.562345 53.807522
-1.561305 53.807243

-1.561305 53.807243
-1.561256 53.807048

-1.561256 53.807048
-1.560817 53.806503

-1.560817 53.806503
-1.560663 53.806481

-1.560663 53.806481
-1.560496 53.806488

-1.560496 53.806488
-1.560480 53.806379

-1.560480 53.806379
-1.560353 53.806405

-1.560353 53.806405
-1.559966 53.806511

-1.559966 53.806511
-1.559911 53.806530

-1.559911 53.806530
-1.559871 53.806554

-1.559871 53.806554
-1.559731 53.806757

-1.559731 53.806757
-1.559236 53.806649

-1.559236 53.806649
-1.558787 53.806541

-1.558787 53.806541
-1.558746 53.806531

-1.558746 53.806531
-1.558674 53.806515

-1.558674 53.806515
-1.558231 53.806414

-1.558231 53.806414
-1.558205 53.806408

-1.558205 53.806408
-1.557745 53.806297

-1.557745 53.806297
-1.557257 53.806191

-1.557257 53.806191
-1.556966 53.805959

-1.556966 53.805959
-1.556815 53.805817

-1.556815 53.805817
-1.556494 53.805811

-1.556494 53.805811
-1.556453 53.805788

-1.556453 53.805788
-1.556343 53.805845

-1.556343 53.805845
-1.556243 53.805882

-1.556243 53.805882
-1.556134 53.805909

-1.556134 53.805909
-1.556026 53.805809

